0.2199999988079071 -4.991804122924805
0.23000000417232513 -7.3629841804504395
0.23999999463558197 -9.49946403503418
0.25 -11.429523468017578
0.25999999046325684 -13.176314353942871
0.27000001072883606 -14.760199546813965
0.2800000011920929 -16.199634552001953
0.28999999165534973 -17.510995864868164
0.30000001192092896 -18.70811653137207
0.3100000023841858 -19.802810668945312
0.3199999928474426 -20.80523681640625
0.33000001311302185 -21.72426414489746
0.3400000035762787 -22.567724227905273
0.3499999940395355 -23.34250831604004
0.36000001430511475 -24.054903030395508
0.3700000047683716 -24.71040916442871
0.3799999952316284 -25.313928604125977
0.38999998569488525 -25.86981964111328
0.4000000059604645 -26.38214683532715
0.4099999964237213 -26.854576110839844
0.41999998688697815 -27.290285110473633
0.4300000071525574 -27.69211769104004
0.4399999976158142 -28.062719345092773
0.44999998807907104 -28.404508590698242
0.46000000834465027 -28.71970558166504
0.4699999988079071 -29.01028823852539
0.47999998927116394 -29.278074264526367
0.49000000953674316 -29.52467918395996
0.5 -29.751617431640625
0.5099999904632568 -29.960290908813477
0.5199999809265137 -30.15203285217285
0.5299999713897705 -30.32802391052246
0.5400000214576721 -30.489341735839844
0.550000011920929 -30.636953353881836
0.5600000023841858 -30.771764755249023
0.5699999928474426 -30.894651412963867
0.5799999833106995 -31.006412506103516
0.5899999737739563 -31.1077938079834
0.6000000238418579 -31.199451446533203
0.6100000143051147 -31.282012939453125
0.6200000047683716 -31.356067657470703
0.6299999952316284 -31.42216682434082
0.6399999856948853 -31.480812072753906
0.6499999761581421 -31.532470703125
0.6600000262260437 -31.577579498291016
0.6700000166893005 -31.616558074951172
0.6800000071525574 -31.649789810180664
0.6899999976158142 -31.67763328552246
0.699999988079071 -31.70041847229004
0.7099999785423279 -31.71845054626465
0.7200000286102295 -31.732030868530273
0.7300000190734863 -31.74142837524414
0.7400000095367432 -31.746910095214844
0.75 -31.748716354370117
0.7599999904632568 -31.747074127197266
0.7699999809265137 -31.7421932220459
0.7799999713897705 -31.734270095825195
0.7900000214576721 -31.72348976135254
0.800000011920929 -31.710033416748047
0.8100000023841858 -31.694076538085938
0.8199999928474426 -31.675769805908203
0.8299999833106995 -31.655258178710938
0.8399999737739563 -31.63268280029297
0.8500000238418579 -31.608171463012695
0.8600000143051147 -31.58184814453125
0.8700000047683716 -31.553834915161133
0.8799999952316284 -31.524234771728516
0.8899999856948853 -31.4931583404541
0.8999999761581421 -31.460702896118164
0.9100000262260437 -31.426956176757812
0.9200000166893005 -31.39200782775879
0.9300000071525574 -31.355941772460938
0.9399999976158142 -31.318836212158203
0.949999988079071 -31.28076171875
0.9599999785423279 -31.241792678833008
0.9700000286102295 -31.201995849609375
0.9800000190734863 -31.16143035888672
0.9900000095367432 -31.12015724182129
